ID;invariantType;classification;GPT_verdict;confidence;promptTokens;completionTokens;totalTokens;maxNumberOfOperations
0;daikon.inv.binary.twoScalar.IntEqual;FP;FP;0.9;785;404;1189;10000
1;daikon.inv.binary.twoScalar.IntEqual;FP;FP;0.9;783;441;1224;10000
2;daikon.inv.binary.twoScalar.IntEqual;FP;FP;0.9;766;410;1176;10000
3;daikon.inv.binary.twoScalar.IntEqual;FP;FP;0.95;767;446;1213;10000
4;daikon.inv.binary.twoString.StringEqual;FP;FP;0.85;993;446;1439;500
5;daikon.inv.binary.twoString.StringEqual;FP;FP;0.85;937;484;1421;500
6;daikon.inv.binary.twoScalar.IntEqual;TP;FP;0.85;808;388;1196;10000
7;daikon.inv.binary.twoScalar.IntEqual;TP;FP;0.95;742;370;1112;10000
8;daikon.inv.binary.twoScalar.IntEqual;TP;FP;0.9;718;406;1124;10000
9;daikon.inv.binary.twoScalar.IntEqual;TP;FP;0.85;776;422;1198;10000
10;daikon.inv.binary.twoScalar.IntEqual;TP;FP;0.95;773;390;1163;10000
11;daikon.inv.binary.twoScalar.IntEqual;TP;FP;0.9;796;426;1222;10000
12;daikon.inv.binary.twoScalar.IntEqual;FP;FP;0.85;803;425;1228;50
13;daikon.inv.unary.scalar.OneOfScalar;TP;FP;0.85;642;468;1110;10000
14;daikon.inv.unary.string.OneOfString;TP;TP;0.95;742;305;1047;10000
15;daikon.inv.unary.scalar.OneOfScalar;TP;TP;0.85;678;459;1137;10000
16;daikon.inv.unary.string.OneOfString;TP;TP;0.95;750;285;1035;10000
17;daikon.inv.unary.string.OneOfString;TP;TP;0.95;747;387;1134;10000
18;daikon.inv.unary.string.OneOfString;FP;FP;0.95;727;292;1019;100
19;daikon.inv.unary.stringsequence.OneOfStringSequence;FP;FP;0.85;1138;724;1862;50
20;daikon.inv.unary.scalar.OneOfScalar;TP;FP;0.95;678;457;1135;10000
21;daikon.inv.unary.scalar.OneOfScalar;TP;FP;0.85;816;418;1234;10000
22;daikon.inv.unary.scalar.OneOfScalar;TP;FP;0.9;919;451;1370;10000
23;daikon.inv.unary.string.OneOfString;TP;FP;0.95;693;336;1029;10000
24;daikon.inv.unary.scalar.OneOfScalar;TP;FP;0.85;656;473;1129;10000
25;daikon.inv.unary.scalar.OneOfScalar;TP;FP;0.85;679;444;1123;10000
26;daikon.inv.unary.scalar.OneOfScalar;TP;FP;0.85;658;466;1124;10000
27;daikon.inv.unary.scalar.OneOfScalar;TP;TP;0.9;683;449;1132;10000
28;daikon.inv.unary.scalar.OneOfScalar;TP;TP;0.95;796;255;1051;10000
29;daikon.inv.unary.scalar.OneOfFloat;TP;FP;0.9;747;398;1145;10000
30;daikon.inv.unary.scalar.OneOfFloat;FP;FP;0.95;763;373;1136;50
31;daikon.inv.unary.scalar.OneOfFloat;FP;FP;0.85;765;345;1110;50
32;daikon.inv.unary.string.OneOfString;FP;FP;0.7;739;364;1103;50
33;daikon.inv.unary.string.OneOfString;FP;FP;0.9;758;401;1159;50
34;daikon.inv.unary.scalar.OneOfScalar;TP;FP;0.85;776;420;1196;10000
35;daikon.inv.unary.scalar.OneOfScalar;TP;FP;0.85;776;418;1194;10000
36;daikon.inv.unary.scalar.OneOfScalar;TP;FP;0.8;776;445;1221;10000
37;daikon.inv.unary.scalar.OneOfScalar;TP;FP;0.85;776;432;1208;10000
38;daikon.inv.unary.scalar.OneOfScalar;TP;TP;0.9;779;334;1113;10000
39;daikon.inv.unary.scalar.OneOfScalar;TP;TP;0.85;781;444;1225;10000
40;daikon.inv.unary.scalar.OneOfScalar;TP;FP;0.85;776;438;1214;10000
41;daikon.inv.unary.scalar.OneOfScalar;TP;FP;0.85;776;397;1173;10000
42;daikon.inv.unary.scalar.OneOfScalar;TP;FP;0.85;776;504;1280;10000
43;daikon.inv.unary.scalar.OneOfScalar;TP;FP;0.85;776;389;1165;10000
44;daikon.inv.unary.string.OneOfString;FP;FP;0.85;730;420;1150;10000
45;daikon.inv.unary.string.OneOfString;TP;TP;0.95;757;344;1101;10000
46;daikon.inv.unary.scalar.OneOfScalar;FP;FP;0.85;713;394;1107;100
47;daikon.inv.unary.string.OneOfString;FP;FP;0.95;752;333;1085;500
48;daikon.inv.unary.string.OneOfString;FP;FP;0.95;753;360;1113;10000
49;daikon.inv.unary.scalar.OneOfScalar;TP;FP;0.9;662;457;1119;10000
50;daikon.inv.unary.scalar.OneOfScalar;TP;FP;0.85;707;494;1201;10000
51;daikon.inv.unary.scalar.OneOfScalar;TP;FP;0.9;812;444;1256;10000
52;daikon.inv.unary.scalar.OneOfScalar;FP;FP;0.9;787;525;1312;50
53;daikon.inv.unary.scalar.LowerBound;TP;FP;0.85;852;387;1239;10000
54;daikon.inv.unary.scalar.LowerBound;TP;TP;0.95;858;406;1264;10000
55;daikon.inv.binary.sequenceString.MemberString;TP;FP;0.85;938;481;1419;10000
56;daikon.inv.binary.sequenceString.MemberString;FP;FP;0.9;698;534;1232;50
57;daikon.inv.binary.sequenceString.MemberString;FP;FP;0.9;697;443;1140;50
58;daikon.inv.binary.sequenceString.MemberString;FP;FP;0.95;712;430;1142;50
59;daikon.inv.binary.sequenceString.MemberString;FP;FP;0.9;703;432;1135;50
60;daikon.inv.binary.twoScalar.IntGreaterThan;FP;FP;0.9;861;506;1367;1000
61;daikon.inv.binary.twoScalar.IntGreaterThan;FP;FP;0.85;860;460;1320;1000
62;daikon.inv.binary.twoScalar.IntGreaterThan;FP;FP;0.85;859;618;1477;100
63;daikon.inv.binary.twoScalar.IntGreaterThan;FP;FP;0.85;860;527;1387;100
64;daikon.inv.binary.twoScalar.IntGreaterThan;FP;FP;0.85;866;490;1356;100
65;daikon.inv.binary.twoScalar.IntNonEqual;FP;FP;0.85;874;493;1367;10000
66;daikon.inv.binary.twoScalar.IntGreaterThan;FP;FP;0.7;859;493;1352;1000
67;daikon.inv.binary.twoScalar.IntGreaterThan;FP;FP;0.85;860;509;1369;100
68;daikon.inv.binary.twoScalar.IntGreaterThan;FP;TP;0.9;859;453;1312;100
69;daikon.inv.binary.twoScalar.IntGreaterThan;FP;FP;0.85;859;503;1362;100
70;daikon.inv.binary.twoScalar.IntGreaterThan;FP;FP;0.85;912;553;1465;10000
71;daikon.inv.binary.twoScalar.IntGreaterThan;FP;FP;0.85;917;482;1399;10000
72;daikon.inv.binary.twoScalar.IntGreaterThan;FP;FP;0.95;905;492;1397;10000
73;daikon.inv.binary.twoScalar.IntLessThan;TP;TP;0.95;912;425;1337;10000
74;daikon.inv.binary.twoScalar.IntLessThan;TP;FP;0.9;912;464;1376;10000
75;daikon.inv.binary.twoScalar.IntLessThan;TP;TP;0.85;912;488;1400;10000
76;daikon.inv.binary.twoScalar.IntLessThan;TP;FP;0.75;912;454;1366;10000
77;daikon.inv.binary.twoScalar.IntLessThan;TP;FP;0.7;919;525;1444;10000
78;daikon.inv.binary.twoScalar.IntLessThan;TP;FP;0.85;924;486;1410;10000
79;daikon.inv.binary.twoScalar.IntLessThan;TP;FP;0.85;912;501;1413;10000
80;daikon.inv.binary.twoScalar.IntLessThan;TP;TP;0.85;912;510;1422;10000
81;daikon.inv.binary.twoScalar.IntLessThan;TP;FP;0.9;912;516;1428;10000
82;daikon.inv.binary.twoScalar.IntLessThan;TP;TP;0.95;912;507;1419;10000
83;daikon.inv.binary.twoScalar.IntGreaterThan;FP;FP;0.85;955;501;1456;100
84;daikon.inv.binary.twoScalar.IntGreaterThan;FP;FP;0.85;946;449;1395;50
85;daikon.inv.binary.twoScalar.IntGreaterThan;FP;FP;0.85;871;449;1320;100
86;daikon.inv.binary.twoScalar.IntGreaterThan;FP;FP;0.9;872;479;1351;100
87;daikon.inv.binary.twoScalar.IntGreaterThan;FP;FP;0.7;872;462;1334;100
88;daikon.inv.binary.twoScalar.IntGreaterThan;FP;TP;0.85;871;501;1372;100
89;daikon.inv.binary.twoScalar.IntNonEqual;FP;FP;0.85;880;474;1354;10000
90;daikon.inv.binary.twoScalar.IntNonEqual;FP;FP;0.7;885;469;1354;10000
91;daikon.inv.binary.twoScalar.IntGreaterThan;FP;FP;0.85;872;490;1362;100
92;daikon.inv.binary.twoScalar.IntGreaterThan;FP;FP;0.9;871;537;1408;100
93;daikon.inv.binary.twoScalar.IntGreaterThan;FP;FP;0.9;871;487;1358;100
94;daikon.inv.binary.twoScalar.IntGreaterThan;FP;FP;0.75;871;496;1367;100
95;daikon.inv.binary.twoScalar.IntGreaterThan;FP;FP;0.85;985;498;1483;10000
96;daikon.inv.binary.twoScalar.IntGreaterThan;FP;TP;0.85;926;474;1400;10000
97;daikon.inv.binary.sequenceString.MemberString;FP;FP;0.95;795;474;1269;10000
98;daikon.inv.binary.sequenceString.MemberString;TP;FP;0.7;845;488;1333;100
99;daikon.inv.binary.sequenceString.MemberString;FP;FP;0.95;812;403;1215;100
100;daikon.inv.binary.sequenceString.MemberString;FP;FP;0.95;811;420;1231;100
101;daikon.inv.binary.sequenceString.MemberString;FP;FP;0.95;803;435;1238;100
102;daikon.inv.binary.sequenceString.MemberString;FP;FP;0.95;785;433;1218;100
103;daikon.inv.binary.sequenceString.MemberString;FP;FP;0.9;803;473;1276;100
104;daikon.inv.binary.sequenceString.MemberString;FP;FP;0.95;792;438;1230;100
105;daikon.inv.binary.sequenceString.MemberString;FP;FP;0.95;802;406;1208;1000
106;daikon.inv.binary.sequenceString.MemberString;FP;FP;0.95;801;442;1243;10000
107;daikon.inv.binary.sequenceString.MemberString;FP;FP;0.9;807;456;1263;100
108;daikon.inv.binary.sequenceString.MemberString;FP;FP;0.95;815;471;1286;100
109;daikon.inv.binary.sequenceString.MemberString;FP;FP;0.95;808;446;1254;100
110;daikon.inv.binary.sequenceString.MemberString;FP;FP;0.9;815;463;1278;100
111;daikon.inv.binary.sequenceString.MemberString;FP;FP;0.95;806;465;1271;100
112;daikon.inv.binary.sequenceString.MemberString;FP;FP;0.9;810;412;1222;100
113;daikon.inv.binary.sequenceString.MemberString;FP;FP;0.95;840;480;1320;100
114;daikon.inv.binary.sequenceString.MemberString;FP;FP;0.95;808;449;1257;100
115;daikon.inv.binary.sequenceString.MemberString;FP;FP;0.95;853;472;1325;100
116;daikon.inv.binary.sequenceString.MemberString;FP;FP;0.95;853;427;1280;100
117;daikon.inv.binary.sequenceString.MemberString;FP;FP;0.95;855;395;1250;100
118;daikon.inv.binary.sequenceString.MemberString;FP;FP;0.95;853;429;1282;100
119;daikon.inv.binary.sequenceString.MemberString;FP;FP;0.95;853;442;1295;100
120;daikon.inv.binary.sequenceString.MemberString;FP;FP;0.95;810;463;1273;100
121;daikon.inv.binary.sequenceString.MemberString;FP;FP;0.95;805;395;1200;100
122;daikon.inv.binary.sequenceString.MemberString;FP;FP;0.95;812;404;1216;100
123;daikon.inv.binary.sequenceString.MemberString;FP;FP;0.95;816;403;1219;100
124;daikon.inv.binary.sequenceString.MemberString;FP;FP;0.9;807;465;1272;100
125;daikon.inv.binary.sequenceString.MemberString;FP;FP;0.9;821;460;1281;100
126;daikon.inv.binary.sequenceString.MemberString;FP;FP;0.9;815;493;1308;100
127;daikon.inv.binary.sequenceString.MemberString;FP;FP;0.95;819;470;1289;100
128;daikon.inv.binary.sequenceString.MemberString;FP;FP;0.95;812;461;1273;100
129;daikon.inv.binary.sequenceString.MemberString;FP;FP;0.95;811;442;1253;100
130;daikon.inv.binary.sequenceString.MemberString;FP;FP;0.95;803;393;1196;100
131;daikon.inv.binary.sequenceString.MemberString;FP;FP;0.95;802;456;1258;1000
132;daikon.inv.binary.sequenceString.MemberString;FP;FP;0.95;801;396;1197;1000
133;daikon.inv.binary.sequenceString.MemberString;FP;FP;0.9;806;425;1231;100
134;daikon.inv.binary.sequenceString.MemberString;FP;FP;0.9;821;416;1237;50
135;daikon.inv.binary.sequenceString.MemberString;FP;FP;0.9;815;433;1248;50
136;daikon.inv.binary.sequenceString.MemberString;FP;FP;0.95;819;452;1271;50
137;daikon.inv.binary.sequenceString.MemberString;FP;FP;0.95;744;457;1201;100
138;daikon.inv.binary.sequenceString.MemberString;FP;FP;0.95;743;394;1137;100
139;daikon.inv.binary.sequenceString.MemberString;FP;FP;0.95;735;438;1173;100
140;daikon.inv.binary.sequenceString.MemberString;FP;FP;0.85;733;490;1223;50
141;daikon.inv.binary.sequenceString.MemberString;FP;FP;0.9;732;411;1143;50
142;daikon.inv.binary.twoScalar.IntGreaterThan;TP;FP;0.9;1035;530;1565;10000
143;daikon.inv.binary.twoScalar.IntGreaterThan;FP;FP;0.85;971;551;1522;100
144;daikon.inv.binary.twoScalar.IntGreaterThan;FP;FP;0.85;998;549;1547;1000
145;daikon.inv.binary.twoScalar.NumericInt$Divides;FP;FP;0.85;1016;468;1484;100
146;daikon.inv.binary.twoScalar.IntGreaterThan;FP;TP;0.95;991;454;1445;10000
147;daikon.inv.binary.twoScalar.NumericInt$Divides;FP;FP;0.85;995;448;1443;50
148;daikon.inv.binary.twoScalar.IntGreaterThan;TP;FP;0.85;1012;495;1507;10000
149;daikon.inv.binary.twoScalar.IntGreaterThan;FP;FP;0.75;971;526;1497;100
150;daikon.inv.binary.twoScalar.IntGreaterThan;FP;FP;0.85;955;507;1462;10000
151;daikon.inv.binary.twoScalar.NumericInt$Divides;FP;FP;0.9;1011;461;1472;10000
152;daikon.inv.binary.twoScalar.IntGreaterThan;FP;TP;0.9;1002;449;1451;10000
153;daikon.inv.binary.twoScalar.NumericInt$Divides;FP;FP;0.85;991;525;1516;50
154;daikon.inv.binary.twoScalar.IntGreaterThan;TP;FP;0.7;996;462;1458;10000
155;daikon.inv.binary.twoScalar.IntGreaterThan;FP;FP;0.85;1030;558;1588;10000
156;daikon.inv.binary.twoScalar.IntGreaterThan;FP;TP;0.95;973;507;1480;10000
157;daikon.inv.binary.twoScalar.NumericInt$Divides;FP;FP;0.9;995;439;1434;10000
158;daikon.inv.binary.twoScalar.IntGreaterThan;FP;FP;0.75;986;651;1637;10000
159;daikon.inv.binary.twoScalar.NumericInt$Divides;FP;FP;0.85;980;501;1481;50
160;daikon.inv.binary.twoScalar.IntGreaterThan;TP;FP;0.85;1006;503;1509;10000
161;daikon.inv.binary.twoScalar.IntGreaterThan;FP;FP;0.7;1002;511;1513;10000
162;daikon.inv.binary.twoScalar.IntGreaterThan;FP;FP;0.85;924;471;1395;10000
163;daikon.inv.binary.twoScalar.NumericInt$Divides;FP;FP;0.85;1004;416;1420;10000
164;daikon.inv.binary.twoScalar.IntGreaterThan;FP;TP;0.95;995;479;1474;10000
165;daikon.inv.binary.twoScalar.NumericInt$Divides;FP;FP;0.85;996;542;1538;50
166;daikon.inv.binary.twoScalar.IntGreaterThan;TP;FP;0.85;1034;569;1603;10000
167;daikon.inv.binary.twoScalar.IntGreaterThan;FP;TP;0.85;981;511;1492;10000
168;daikon.inv.binary.twoScalar.NumericInt$Divides;FP;TP;0.85;983;490;1473;10000
169;daikon.inv.binary.twoScalar.IntGreaterThan;FP;FP;0.85;974;545;1519;10000
170;daikon.inv.binary.twoScalar.IntGreaterThan;TP;FP;0.85;1018;549;1567;10000
171;daikon.inv.binary.twoScalar.IntGreaterThan;FP;FP;0.85;1059;493;1552;10000
172;daikon.inv.binary.twoScalar.IntGreaterThan;FP;FP;0.85;1011;511;1522;10000
173;daikon.inv.binary.twoScalar.NumericInt$Divides;FP;FP;0.85;999;510;1509;50
174;daikon.inv.binary.twoScalar.IntGreaterThan;TP;FP;0.9;1020;459;1479;10000
175;daikon.inv.binary.twoScalar.IntGreaterThan;FP;FP;0.8;1040;699;1739;10000
176;daikon.inv.binary.twoScalar.IntGreaterThan;FP;TP;0.9;970;572;1542;10000
177;daikon.inv.binary.twoScalar.NumericInt$Divides;FP;FP;0.9;999;450;1449;10000
178;daikon.inv.binary.twoScalar.IntGreaterThan;FP;FP;0.75;990;604;1594;10000
179;daikon.inv.binary.twoScalar.IntGreaterThan;TP;FP;0.7;990;488;1478;10000
180;daikon.inv.binary.twoScalar.IntGreaterThan;FP;FP;0.7;1018;531;1549;10000
181;daikon.inv.binary.twoScalar.IntGreaterThan;FP;FP;0.85;984;451;1435;10000
182;daikon.inv.binary.twoScalar.IntGreaterThan;FP;FP;0.85;984;558;1542;10000
183;daikon.inv.binary.twoScalar.NumericInt$Divides;FP;FP;0.9;998;528;1526;50
184;daikon.inv.binary.twoScalar.IntGreaterThan;TP;FP;0.85;1007;617;1624;10000
185;daikon.inv.binary.twoScalar.IntGreaterThan;FP;FP;0.85;1018;536;1554;10000
186;daikon.inv.binary.twoScalar.IntGreaterThan;FP;FP;0.85;967;542;1509;10000
187;daikon.inv.binary.twoScalar.NumericInt$Divides;FP;FP;0.85;987;451;1438;10000
188;daikon.inv.binary.twoScalar.IntGreaterThan;FP;TP;0.95;978;477;1455;10000
189;daikon.inv.binary.twoScalar.IntGreaterThan;TP;FP;0.9;1018;557;1575;10000
190;daikon.inv.binary.twoScalar.IntGreaterThan;FP;TP;0.9;1016;573;1589;10000
191;daikon.inv.binary.twoScalar.IntGreaterThan;FP;FP;0.85;1018;603;1621;10000
192;daikon.inv.binary.twoScalar.IntGreaterThan;FP;FP;0.85;982;552;1534;10000
193;daikon.inv.binary.twoScalar.IntNonEqual;FP;FP;0.85;1019;566;1585;100
194;daikon.inv.binary.twoScalar.IntNonEqual;FP;FP;0.9;1023;444;1467;50
195;daikon.inv.binary.twoScalar.IntNonEqual;FP;FP;0.9;1023;527;1550;100
196;daikon.inv.binary.twoScalar.IntLessThan;FP;FP;0.85;926;470;1396;100
197;daikon.inv.binary.twoScalar.IntNonEqual;FP;FP;0.85;819;476;1295;50
198;daikon.inv.binary.twoScalar.IntNonEqual;FP;FP;0.85;821;420;1241;50
199;daikon.inv.binary.twoScalar.IntNonEqual;FP;FP;0.75;823;436;1259;50
200;daikon.inv.binary.twoScalar.IntGreaterEqual;FP;FP;0.9;906;391;1297;100
201;daikon.inv.binary.twoScalar.IntGreaterEqual;FP;FP;0.85;910;387;1297;100
202;daikon.inv.binary.twoScalar.IntEqual;TP;TP;0.9;836;397;1233;10000
203;daikon.inv.binary.twoScalar.IntEqual;FP;FP;0.7;869;520;1389;100
204;daikon.inv.binary.twoScalar.IntEqual;FP;FP;0.85;904;409;1313;100
205;daikon.inv.binary.twoScalar.IntEqual;FP;FP;0.85;798;481;1279;100
206;daikon.inv.unary.scalar.NonZero;TP;TP;0.95;752;328;1080;10000
207;daikon.inv.unary.sequence.EltNonZero;TP;TP;0.95;762;335;1097;10000
208;daikon.inv.unary.string.OneOfString;TP;TP;0.95;681;270;951;10000
209;daikon.inv.unary.scalar.NonZero;TP;TP;0.95;616;284;900;10000
210;daikon.inv.unary.scalar.LowerBound;FP;TP;0.95;714;353;1067;100
211;daikon.inv.unary.scalar.LowerBound;FP;FP;0.7;707;409;1116;100
212;daikon.inv.unary.scalar.OneOfScalar;TP;FP;0.85;625;385;1010;10000
213;daikon.inv.unary.scalar.LowerBound;FP;FP;0.85;819;468;1287;100
214;daikon.inv.binary.sequenceString.MemberString;FP;FP;0.9;662;462;1124;10000
215;daikon.inv.binary.twoScalar.IntGreaterThan;TP;FP;0.85;787;427;1214;10000
216;daikon.inv.binary.twoScalar.IntGreaterThan;FP;FP;0.85;776;479;1255;100
217;daikon.inv.binary.twoScalar.IntGreaterThan;TP;FP;0.9;1153;446;1599;10000
218;daikon.inv.binary.twoScalar.IntNonEqual;FP;FP;0.95;829;449;1278;1000
219;daikon.inv.binary.twoScalar.IntGreaterEqual;TP;TP;0.95;1232;295;1527;10000
220;daikon.inv.binary.twoScalar.IntGreaterThan;TP;FP;0.7;799;414;1213;10000
221;daikon.inv.binary.twoScalar.IntGreaterThan;FP;FP;0.75;788;441;1229;100
222;daikon.inv.binary.twoScalar.IntGreaterThan;TP;FP;0.85;1127;572;1699;10000
223;daikon.inv.binary.twoScalar.IntNonEqual;FP;FP;0.8;886;545;1431;50
224;daikon.inv.binary.twoScalar.IntGreaterEqual;TP;TP;0.95;1126;413;1539;10000
225;daikon.inv.binary.twoScalar.IntNonEqual;FP;FP;0.75;857;508;1365;50
226;daikon.inv.binary.twoScalar.IntGreaterEqual;TP;TP;0.95;1111;362;1473;10000
227;daikon.inv.binary.twoScalar.IntNonEqual;FP;FP;0.85;942;483;1425;50
228;daikon.inv.unary.string.FixedLengthString;TP;TP;0.95;717;244;961;10000
229;daikon.inv.unary.string.FixedLengthString;TP;FP;0.9;712;402;1114;10000
230;daikon.inv.unary.string.FixedLengthString;FP;FP;0.95;700;308;1008;100
231;daikon.inv.unary.stringsequence.SequenceFixedLengthString;TP;TP;0.95;857;406;1263;10000
232;daikon.inv.unary.stringsequence.SequenceFixedLengthString;TP;TP;0.95;901;381;1282;10000
233;daikon.inv.unary.string.FixedLengthString;TP;TP;0.95;768;502;1270;10000
234;daikon.inv.unary.string.FixedLengthString;TP;FP;0.95;723;447;1170;10000
235;daikon.inv.unary.string.FixedLengthString;TP;TP;0.95;665;331;996;10000
236;daikon.inv.unary.string.FixedLengthString;TP;TP;0.95;812;448;1260;10000
237;daikon.inv.unary.string.dates.IsTimestampYYYYMMHHThhmmssmm;TP;TP;0.95;838;342;1180;10000
238;daikon.inv.unary.string.FixedLengthString;TP;TP;0.95;811;432;1243;10000
239;daikon.inv.unary.string.dates.IsTimestampYYYYMMHHThhmmssmm;TP;FP;0.95;837;388;1225;10000
240;daikon.inv.unary.string.FixedLengthString;TP;TP;0.85;808;438;1246;10000
241;daikon.inv.unary.string.dates.IsTimestampYYYYMMHHThhmmssmm;TP;TP;0.95;834;398;1232;10000
242;daikon.inv.unary.string.IsNumeric;TP;FP;0.85;710;462;1172;10000
243;daikon.inv.unary.string.IsNumeric;TP;FP;0.95;717;359;1076;10000
244;daikon.inv.unary.string.FixedLengthString;TP;TP;0.95;799;369;1168;10000
245;daikon.inv.unary.string.dates.IsTimestampYYYYMMHHThhmmssmm;TP;TP;0.95;825;373;1198;10000
246;daikon.inv.unary.string.IsNumeric;TP;FP;0.9;731;388;1119;10000
247;daikon.inv.unary.string.FixedLengthString;TP;FP;0.85;825;364;1189;10000
248;daikon.inv.unary.string.FixedLengthString;FP;FP;0.95;732;431;1163;50
249;daikon.inv.unary.string.FixedLengthString;TP;TP;0.95;804;431;1235;10000
250;daikon.inv.unary.string.dates.IsTimestampYYYYMMHHThhmmssmm;TP;TP;0.95;830;442;1272;10000
251;daikon.inv.unary.string.IsUrl;TP;TP;0.95;876;442;1318;10000
252;daikon.inv.unary.string.IsUrl;TP;TP;0.95;884;361;1245;10000
253;daikon.inv.unary.string.IsUrl;TP;TP;0.95;890;403;1293;10000
254;daikon.inv.unary.string.IsUrl;TP;TP;0.95;883;370;1253;10000
255;daikon.inv.unary.string.IsUrl;TP;TP;0.95;885;388;1273;10000
256;daikon.inv.unary.string.IsNumeric;TP;FP;0.85;730;340;1070;10000
257;daikon.inv.unary.string.FixedLengthString;FP;FP;0.9;704;458;1162;10000
258;daikon.inv.unary.string.IsNumeric;TP;FP;0.7;698;444;1142;10000
259;daikon.inv.unary.string.IsNumeric;TP;TP;0.95;741;354;1095;10000
260;daikon.inv.unary.string.IsNumeric;TP;TP;0.95;734;397;1131;10000
261;daikon.inv.unary.stringsequence.SequenceStringElementsAreUrl;TP;TP;0.95;867;371;1238;10000
262;daikon.inv.binary.twoString.StdString$SubString;TP;TP;0.95;706;444;1150;10000
263;daikon.inv.binary.twoString.StdString$SubString;TP;TP;0.95;965;408;1373;10000
264;daikon.inv.binary.twoString.StdString$SubString;TP;TP;0.95;984;391;1375;10000
265;daikon.inv.binary.twoString.StdString$SubString;TP;TP;0.95;977;329;1306;10000
266;daikon.inv.binary.twoString.StdString$SubString;TP;TP;0.95;968;471;1439;10000
267;daikon.inv.binary.twoString.StdString$SubString;TP;TP;0.95;976;411;1387;10000
268;daikon.inv.binary.twoString.StdString$SubString;TP;TP;0.95;694;396;1090;10000
269;daikon.inv.binary.twoString.StdString$SubString;TP;TP;0.9;701;488;1189;10000
270;daikon.inv.binary.twoString.StdString$SubString;FP;FP;0.9;750;455;1205;100
271;daikon.inv.unary.string.FixedLengthString;TP;TP;0.85;745;410;1155;10000
272;daikon.inv.unary.string.FixedLengthString;TP;TP;0.95;651;274;925;10000
273;daikon.inv.unary.string.FixedLengthString;TP;TP;0.95;698;333;1031;10000
274;daikon.inv.unary.string.OneOfString;FP;FP;0.9;895;486;1381;100
275;daikon.inv.unary.string.OneOfString;FP;FP;0.7;760;385;1145;100
276;daikon.inv.unary.string.OneOfString;TP;FP;0.95;793;305;1098;10000
277;daikon.inv.unary.scalar.OneOfScalar;FP;FP;0.8;825;434;1259;100
278;daikon.inv.binary.twoScalar.IntNonEqual;FP;FP;0.85;955;456;1411;1000
279;daikon.inv.binary.twoScalar.IntGreaterEqual;FP;TP;0.95;957;434;1391;1000
280;daikon.inv.binary.sequenceString.MemberString;FP;FP;0.9;872;445;1317;10000
281;daikon.inv.binary.sequenceString.MemberString;FP;FP;0.95;872;448;1320;1000
282;daikon.inv.binary.sequenceString.MemberString;FP;FP;0.85;808;483;1291;1000
283;daikon.inv.binary.sequenceString.MemberString;FP;FP;0.95;803;448;1251;500
284;daikon.inv.binary.twoScalar.IntGreaterThan;FP;FP;0.9;909;565;1474;10000
285;daikon.inv.binary.twoScalar.NumericInt$Divides;FP;FP;0.7;980;508;1488;100
286;daikon.inv.binary.twoScalar.IntGreaterThan;FP;FP;0.9;1004;488;1492;10000
287;daikon.inv.binary.twoScalar.NumericInt$Divides;FP;FP;0.9;980;444;1424;100
288;daikon.inv.binary.twoScalar.IntGreaterThan;FP;FP;0.85;927;505;1432;10000
289;daikon.inv.binary.twoScalar.NumericInt$Divides;FP;FP;0.9;980;502;1482;100
290;daikon.inv.binary.twoScalar.IntGreaterThan;FP;FP;0.7;966;535;1501;10000
291;daikon.inv.binary.twoScalar.NumericInt$Divides;FP;FP;0.9;980;536;1516;100
292;daikon.inv.binary.twoScalar.IntGreaterThan;FP;FP;0.8;979;512;1491;10000
293;daikon.inv.binary.twoScalar.NumericInt$Divides;FP;FP;0.85;963;580;1543;100
294;daikon.inv.binary.twoScalar.IntGreaterThan;FP;FP;0.85;972;508;1480;10000
295;daikon.inv.binary.twoScalar.IntGreaterThan;FP;FP;0.95;948;490;1438;10000
296;daikon.inv.binary.twoScalar.NumericInt$Divides;FP;FP;0.9;980;446;1426;100
297;daikon.inv.binary.twoScalar.IntGreaterThan;FP;FP;0.95;963;494;1457;10000
298;daikon.inv.binary.twoScalar.IntGreaterThan;FP;FP;0.85;907;515;1422;10000
299;daikon.inv.binary.twoScalar.NumericInt$Divides;FP;FP;0.9;980;552;1532;100
300;daikon.inv.binary.twoScalar.IntGreaterThan;FP;FP;0.9;890;516;1406;10000
301;daikon.inv.binary.twoScalar.IntLessThan;FP;FP;0.85;722;664;1386;100
302;daikon.inv.binary.twoScalar.IntGreaterEqual;FP;TP;0.75;1000;483;1483;100
303;daikon.inv.binary.twoScalar.IntEqual;FP;FP;0.7;745;393;1138;10000
304;daikon.inv.binary.twoString.StringEqual;FP;FP;0.85;735;411;1146;10000
305;daikon.inv.binary.twoString.StringEqual;FP;FP;0.9;742;386;1128;10000
306;daikon.inv.binary.twoString.StringEqual;FP;FP;0.85;746;436;1182;10000
307;daikon.inv.unary.scalar.OneOfScalar;FP;FP;0.9;734;400;1134;10000
308;daikon.inv.unary.string.OneOfString;TP;TP;0.95;746;268;1014;10000
309;daikon.inv.unary.string.OneOfString;FP;FP;0.9;771;411;1182;1000
310;daikon.inv.unary.string.OneOfString;FP;FP;0.85;735;530;1265;10000
311;daikon.inv.unary.scalar.LowerBound;TP;FP;0.95;842;433;1275;10000
312;daikon.inv.unary.scalar.LowerBound;TP;FP;0.95;886;453;1339;10000
313;daikon.inv.binary.twoScalar.IntNonEqual;FP;FP;0.85;861;542;1403;10000
314;daikon.inv.binary.twoScalar.IntNonEqual;FP;TP;0.95;862;452;1314;10000
315;daikon.inv.binary.twoScalar.IntNonEqual;FP;FP;0.85;869;447;1316;10000
316;daikon.inv.binary.twoScalar.IntNonEqual;FP;FP;0.7;863;476;1339;10000
317;daikon.inv.binary.twoScalar.IntNonEqual;FP;TP;0.95;863;453;1316;10000
318;daikon.inv.binary.twoScalar.IntNonEqual;FP;FP;0.85;862;530;1392;10000
319;daikon.inv.binary.twoScalar.IntGreaterThan;FP;TP;0.85;930;608;1538;10000
320;daikon.inv.binary.twoScalar.IntNonEqual;FP;FP;0.85;959;444;1403;1000
321;daikon.inv.binary.twoScalar.IntNonEqual;FP;FP;0.9;961;522;1483;1000
322;daikon.inv.binary.twoScalar.IntNonEqual;FP;FP;0.85;964;463;1427;1000
323;daikon.inv.binary.twoScalar.IntNonEqual;FP;FP;0.85;959;441;1400;10000
324;daikon.inv.binary.twoScalar.IntNonEqual;FP;FP;0.85;873;449;1322;10000
325;daikon.inv.binary.twoScalar.IntNonEqual;FP;FP;0.85;873;461;1334;10000
326;daikon.inv.binary.twoScalar.IntNonEqual;FP;FP;0.85;874;534;1408;10000
327;daikon.inv.binary.twoScalar.IntNonEqual;FP;TP;0.85;873;515;1388;10000
328;daikon.inv.binary.twoScalar.IntNonEqual;FP;TP;0.95;873;430;1303;10000
329;daikon.inv.binary.twoScalar.IntNonEqual;FP;FP;0.85;873;566;1439;10000
330;daikon.inv.binary.twoScalar.IntNonEqual;FP;FP;0.85;872;505;1377;10000
331;daikon.inv.binary.twoScalar.IntNonEqual;FP;FP;0.85;874;533;1407;10000
332;daikon.inv.binary.twoScalar.IntGreaterThan;FP;FP;0.85;957;531;1488;10000
333;daikon.inv.binary.twoScalar.IntGreaterThan;FP;FP;0.85;913;479;1392;10000
334;daikon.inv.binary.sequenceString.MemberString;FP;FP;0.95;872;435;1307;10000
335;daikon.inv.binary.sequenceString.MemberString;FP;FP;0.95;827;487;1314;10000
336;daikon.inv.binary.sequenceString.MemberString;FP;FP;0.95;818;454;1272;10000
337;daikon.inv.binary.sequenceString.MemberString;FP;FP;0.95;872;445;1317;1000
338;daikon.inv.binary.sequenceString.MemberString;FP;FP;0.95;827;422;1249;10000
339;daikon.inv.binary.sequenceString.MemberString;FP;FP;0.95;818;428;1246;10000
340;daikon.inv.binary.sequenceString.MemberString;FP;FP;0.9;763;442;1205;10000
341;daikon.inv.binary.sequenceString.MemberString;FP;FP;0.95;759;448;1207;1000
342;daikon.inv.binary.sequenceString.MemberString;FP;FP;0.9;754;447;1201;10000
343;daikon.inv.binary.twoScalar.IntNonEqual;FP;FP;0.85;993;586;1579;10000
344;daikon.inv.binary.twoScalar.IntNonEqual;FP;FP;0.85;995;536;1531;10000
345;daikon.inv.binary.twoScalar.IntNonEqual;FP;FP;0.85;1030;559;1589;10000
346;daikon.inv.binary.twoScalar.IntNonEqual;FP;FP;0.85;1032;506;1538;10000
347;daikon.inv.binary.twoScalar.IntGreaterThan;FP;FP;0.7;983;485;1468;10000
348;daikon.inv.binary.twoScalar.IntNonEqual;FP;FP;0.7;1006;493;1499;10000
349;daikon.inv.binary.twoScalar.IntNonEqual;FP;FP;0.85;1008;525;1533;10000
350;daikon.inv.binary.twoScalar.IntGreaterThan;FP;TP;0.9;1047;480;1527;10000
351;daikon.inv.binary.twoScalar.IntGreaterThan;FP;FP;0.7;1049;511;1560;10000
352;daikon.inv.binary.twoScalar.IntGreaterThan;FP;FP;0.85;1001;451;1452;10000
353;daikon.inv.binary.twoScalar.IntGreaterThan;FP;FP;0.85;1008;479;1487;10000
354;daikon.inv.binary.twoScalar.IntGreaterThan;FP;FP;0.85;1019;512;1531;10000
355;daikon.inv.binary.twoScalar.IntGreaterThan;FP;FP;0.85;997;537;1534;10000
356;daikon.inv.binary.sequenceString.MemberString;FP;FP;0.95;750;392;1142;10000
357;daikon.inv.binary.twoScalar.IntNonEqual;FP;FP;0.85;1034;507;1541;500
358;daikon.inv.binary.twoScalar.IntNonEqual;FP;FP;0.85;898;464;1362;1000
359;daikon.inv.binary.twoScalar.IntGreaterEqual;FP;FP;0.75;869;496;1365;1000
360;daikon.inv.binary.twoScalar.IntNonEqual;FP;FP;0.85;1014;510;1524;10000
361;daikon.inv.binary.twoScalar.IntNonEqual;FP;FP;0.7;1043;403;1446;10000
362;daikon.inv.binary.twoScalar.IntNonEqual;FP;FP;0.7;1036;507;1543;500
363;daikon.inv.binary.twoScalar.IntNonEqual;FP;FP;0.85;1047;461;1508;10000
364;daikon.inv.binary.twoScalar.IntGreaterEqual;FP;FP;0.75;963;433;1396;500
365;daikon.inv.binary.twoScalar.IntNonEqual;FP;FP;0.85;778;484;1262;1000
366;daikon.inv.binary.twoScalar.IntNonEqual;FP;FP;0.9;792;444;1236;10000
367;daikon.inv.binary.twoScalar.IntLessEqual;TP;TP;0.95;870;412;1282;10000
368;daikon.inv.binary.twoScalar.IntGreaterEqual;FP;TP;0.95;864;481;1345;1000
369;daikon.inv.binary.twoScalar.IntLessEqual;TP;TP;0.95;959;398;1357;10000
370;daikon.inv.binary.twoScalar.IntGreaterEqual;FP;FP;0.85;882;510;1392;1000
371;daikon.inv.binary.twoScalar.IntGreaterEqual;TP;FP;0.85;1105;479;1584;10000
372;daikon.inv.binary.twoScalar.IntLessEqual;FP;TP;0.95;1094;471;1565;1000
373;daikon.inv.binary.twoScalar.IntGreaterEqual;FP;FP;0.85;1109;488;1597;10000
374;daikon.inv.unary.string.FixedLengthString;TP;FP;0.85;1058;447;1505;10000
375;daikon.inv.unary.string.IsNumeric;TP;TP;0.9;804;425;1229;10000
376;daikon.inv.binary.twoString.StdString$SubString;FP;FP;0.9;834;428;1262;1000
377;daikon.inv.binary.twoScalar.IntEqual;FP;FP;0.85;738;379;1117;1000
378;daikon.inv.binary.twoScalar.IntEqual;TP;TP;0.95;733;373;1106;10000
379;daikon.inv.binary.twoScalar.IntEqual;FP;FP;0.85;764;527;1291;1000
380;daikon.inv.unary.string.OneOfString;TP;FP;0.95;778;379;1157;10000
381;daikon.inv.unary.string.OneOfString;TP;TP;0.95;765;306;1071;10000
382;daikon.inv.unary.scalar.OneOfScalar;FP;FP;0.9;718;427;1145;1000
383;daikon.inv.binary.sequenceString.MemberString;FP;FP;0.9;829;455;1284;10000
384;daikon.inv.binary.sequenceString.MemberString;FP;FP;0.9;829;469;1298;1000
385;daikon.inv.binary.sequenceString.MemberString;FP;FP;0.9;786;463;1249;1000
386;daikon.inv.binary.twoScalar.IntGreaterThan;FP;TP;0.95;1002;456;1458;10000
387;daikon.inv.binary.twoScalar.IntGreaterThan;FP;FP;0.9;995;410;1405;10000
388;daikon.inv.binary.twoScalar.IntGreaterThan;FP;FP;0.85;995;600;1595;10000
389;daikon.inv.binary.twoScalar.IntGreaterThan;FP;FP;0.75;1025;520;1545;10000
390;daikon.inv.binary.twoScalar.NumericInt$Divides;FP;FP;0.95;1014;480;1494;1000
391;daikon.inv.unary.string.FixedLengthString;FP;FP;0.85;709;453;1162;10000
392;daikon.inv.unary.string.IsNumeric;TP;FP;0.95;703;378;1081;10000
393;daikon.inv.binary.twoScalar.IntNonEqual;FP;FP;0.7;862;542;1404;10000
394;daikon.inv.binary.twoScalar.IntNonEqual;FP;FP;0.7;863;474;1337;10000
395;daikon.inv.binary.twoScalar.IntNonEqual;FP;FP;0.9;963;442;1405;10000
396;daikon.inv.binary.twoScalar.IntNonEqual;FP;FP;0.85;965;511;1476;10000
397;daikon.inv.unary.scalar.LowerBound;TP;TP;0.95;716;317;1033;10000
398;daikon.inv.unary.scalar.LowerBound;TP;TP;0.95;709;391;1100;10000
399;daikon.inv.unary.string.FixedLengthString;TP;FP;0.95;750;392;1142;10000
400;daikon.inv.unary.string.FixedLengthString;TP;TP;0.95;830;538;1368;10000
401;daikon.inv.unary.string.dates.IsTimestampYYYYMMHHThhmmssmm;TP;FP;0.95;856;286;1142;10000
