ID;invariantType;classification;GPT_verdict;confidence;promptTokens;completionTokens;totalTokens;maxNumberOfOperations
0;daikon.inv.unary.scalar.NonZero;TP;TP;0.9;695;472;1167;10000
1;daikon.inv.unary.string.OneOfString;TP;TP;0.99;756;390;1146;10000
2;daikon.inv.binary.twoString.StringEqual;TP;TP;0.95;768;421;1189;10000
3;daikon.inv.unary.scalar.NonZero;TP;TP;0.95;767;429;1196;10000
4;daikon.inv.unary.sequence.EltNonZero;TP;TP;0.95;777;381;1158;10000
5;daikon.inv.unary.scalar.LowerBound;TP;TP;0.95;733;420;1153;10000
6;daikon.inv.unary.scalar.NonZero;TP;TP;0.95;656;393;1049;10000
7;daikon.inv.unary.scalar.OneOfScalar;TP;TP;0.9;711;418;1129;10000
8;daikon.inv.unary.string.OneOfString;TP;TP;0.95;774;440;1214;10000
9;daikon.inv.unary.string.OneOfString;FP;FP;0.7;720;501;1221;100
10;daikon.inv.unary.scalar.LowerBound;TP;TP;0.95;734;380;1114;10000
11;daikon.inv.unary.string.OneOfString;TP;TP;0.95;716;375;1091;10000
12;daikon.inv.unary.scalar.LowerBound;TP;TP;0.95;785;490;1275;10000
13;daikon.inv.binary.twoScalar.IntGreaterThan;FP;FP;0.7;794;595;1389;100
14;daikon.inv.binary.twoScalar.IntLessThan;FP;FP;0.95;785;455;1240;10000
15;daikon.inv.binary.twoScalar.IntGreaterThan;FP;FP;0.9;821;541;1362;50
16;daikon.inv.binary.twoScalar.IntLessThan;FP;FP;0.7;742;597;1339;100
17;daikon.inv.binary.twoScalar.IntLessThan;FP;FP;0.8;773;456;1229;10000
18;daikon.inv.binary.twoScalar.IntGreaterEqual;FP;FP;0.8;811;421;1232;100
19;daikon.inv.binary.twoScalar.IntLessThan;FP;FP;0.95;730;482;1212;100
20;daikon.inv.binary.sequenceString.MemberString;FP;TP;0.95;733;418;1151;10000
21;daikon.inv.binary.sequenceString.MemberString;FP;FP;0.9;730;452;1182;10000
22;daikon.inv.binary.sequenceString.MemberString;FP;FP;0.9;774;409;1183;10000
23;daikon.inv.binary.sequenceString.MemberString;FP;FP;0.95;775;453;1228;10000
24;daikon.inv.binary.sequenceString.MemberString;FP;FP;0.9;774;459;1233;10000
25;daikon.inv.binary.twoScalar.IntLessThan;FP;TP;0.95;794;493;1287;10000
26;daikon.inv.binary.twoScalar.IntLessThan;FP;TP;0.95;737;411;1148;100
27;daikon.inv.binary.twoScalar.IntGreaterThan;FP;TP;0.95;795;477;1272;10000
28;daikon.inv.binary.twoScalar.IntGreaterThan;FP;TP;0.95;806;450;1256;10000
29;daikon.inv.binary.twoScalar.IntGreaterThan;FP;TP;0.9;825;535;1360;10000
30;daikon.inv.binary.twoScalar.IntLessThan;FP;FP;0.7;743;461;1204;100
31;daikon.inv.binary.twoScalar.IntLessThan;FP;TP;0.95;839;444;1283;100
32;daikon.inv.binary.twoScalar.IntEqual;TP;TP;0.95;745;457;1202;10000
33;daikon.inv.binary.twoScalar.IntEqual;TP;TP;0.95;731;410;1141;10000
34;daikon.inv.unary.scalar.NonZero;TP;TP;0.95;991;386;1377;10000
35;daikon.inv.unary.sequence.EltNonZero;TP;TP;0.95;1001;449;1450;10000
36;daikon.inv.unary.scalar.LowerBound;TP;TP;0.95;681;424;1105;10000
37;daikon.inv.unary.scalar.LowerBound;TP;TP;0.95;674;394;1068;10000
38;daikon.inv.binary.twoScalar.IntNonEqual;FP;TP;0.95;742;488;1230;100
39;daikon.inv.binary.twoScalar.IntNonEqual;FP;TP;0.9;735;520;1255;50
40;daikon.inv.binary.twoScalar.IntGreaterEqual;TP;TP;0.95;1048;405;1453;10000
41;daikon.inv.binary.twoScalar.IntNonEqual;FP;TP;0.95;723;492;1215;100
42;daikon.inv.binary.twoScalar.IntNonEqual;FP;FP;0.7;1035;568;1603;50
43;daikon.inv.binary.twoScalar.IntGreaterEqual;TP;TP;0.95;1040;427;1467;10000
44;daikon.inv.binary.twoScalar.IntNonEqual;FP;TP;0.95;725;422;1147;100
45;daikon.inv.binary.twoScalar.IntGreaterEqual;TP;TP;0.95;1031;407;1438;10000
46;daikon.inv.unary.string.FixedLengthString;TP;TP;0.95;832;375;1207;10000
47;daikon.inv.unary.string.IsUrl;TP;TP;0.95;827;380;1207;10000
48;daikon.inv.unary.string.FixedLengthString;TP;TP;0.95;831;399;1230;10000
49;daikon.inv.unary.string.FixedLengthString;TP;TP;0.95;730;382;1112;10000
50;daikon.inv.unary.string.FixedLengthString;TP;TP;0.95;850;502;1352;10000
51;daikon.inv.binary.twoString.StdString$SubString;TP;TP;0.95;1026;458;1484;10000
52;daikon.inv.binary.twoString.StdString$SubString;TP;TP;0.95;952;423;1375;10000
53;daikon.inv.binary.twoString.StdString$SubString;TP;TP;0.95;981;376;1357;10000
54;daikon.inv.binary.twoString.StdString$SubString;TP;TP;0.95;919;428;1347;10000
55;daikon.inv.unary.stringsequence.SequenceFixedLengthString;TP;TP;0.95;738;416;1154;10000
56;daikon.inv.unary.string.FixedLengthString;TP;TP;0.95;820;401;1221;10000
57;daikon.inv.unary.string.IsUrl;TP;TP;0.95;815;373;1188;10000
58;daikon.inv.unary.string.FixedLengthString;TP;TP;0.95;785;408;1193;10000
59;daikon.inv.unary.string.FixedLengthString;TP;TP;0.95;842;438;1280;10000
60;daikon.inv.unary.string.IsUrl;TP;TP;0.95;837;369;1206;10000
61;daikon.inv.unary.string.FixedLengthString;TP;TP;0.95;851;393;1244;10000
62;daikon.inv.unary.string.FixedLengthString;TP;TP;0.95;748;414;1162;10000
63;daikon.inv.unary.string.FixedLengthString;TP;TP;0.95;871;454;1325;10000
64;daikon.inv.unary.string.FixedLengthString;TP;TP;0.95;987;351;1338;10000
65;daikon.inv.unary.string.IsUrl;TP;TP;0.95;982;302;1284;10000
66;daikon.inv.unary.string.FixedLengthString;FP;FP;0.8;694;375;1069;100
67;daikon.inv.unary.string.FixedLengthString;TP;TP;0.95;690;367;1057;10000
68;daikon.inv.unary.string.FixedLengthString;TP;TP;0.95;803;424;1227;10000
69;daikon.inv.binary.twoString.StdString$SubString;TP;TP;0.95;964;361;1325;10000
70;daikon.inv.binary.twoString.StdString$SubString;TP;TP;0.95;967;466;1433;10000
71;daikon.inv.binary.twoString.StdString$SubString;TP;TP;0.95;888;416;1304;10000
72;daikon.inv.binary.twoString.StdString$SubString;TP;TP;0.99;925;370;1295;10000
73;daikon.inv.binary.twoString.StdString$SubString;TP;TP;0.95;1060;385;1445;10000
74;daikon.inv.binary.twoString.StdString$SubString;TP;TP;0.95;981;478;1459;10000
75;daikon.inv.binary.twoString.StdString$SubString;TP;TP;0.95;908;432;1340;10000
76;daikon.inv.binary.twoString.StdString$SubString;TP;TP;0.95;1031;362;1393;10000
77;daikon.inv.binary.twoString.StdString$SubString;TP;TP;0.95;947;459;1406;10000
78;daikon.inv.binary.twoString.StdString$SubString;TP;TP;0.95;927;427;1354;10000
79;daikon.inv.binary.twoString.StdString$SubString;TP;TP;0.95;923;429;1352;10000
80;daikon.inv.binary.twoString.StdString$SubString;TP;TP;0.95;855;405;1260;10000
81;daikon.inv.unary.string.IsUrl;TP;TP;0.95;839;312;1151;10000
82;daikon.inv.unary.string.IsUrl;TP;TP;0.85;846;471;1317;10000
83;daikon.inv.unary.string.IsUrl;TP;FP;0.8;864;348;1212;10000
84;daikon.inv.binary.twoString.StdString$SubString;TP;TP;0.95;991;412;1403;10000
85;daikon.inv.binary.twoString.StdString$SubString;TP;TP;0.95;995;360;1355;10000
86;daikon.inv.binary.twoString.StdString$SubString;TP;TP;0.95;1006;426;1432;10000
87;daikon.inv.binary.twoString.StdString$SubString;TP;TP;0.95;939;450;1389;10000
88;daikon.inv.binary.twoString.StdString$SubString;TP;TP;0.95;933;420;1353;10000
89;daikon.inv.binary.twoString.StdString$SubString;TP;TP;0.95;928;433;1361;10000
90;daikon.inv.binary.twoScalar.IntNonEqual;FP;TP;0.9;821;474;1295;100
91;daikon.inv.binary.twoScalar.IntGreaterEqual;FP;TP;0.95;823;507;1330;100
92;daikon.inv.unary.string.OneOfString;FP;TP;0.95;739;405;1144;10000
93;daikon.inv.unary.scalar.NonZero;FP;TP;0.9;730;359;1089;10000
94;daikon.inv.binary.twoScalar.IntGreaterEqual;FP;FP;0.9;796;581;1377;1000
95;daikon.inv.binary.twoScalar.IntNonEqual;FP;TP;0.95;827;521;1348;10000
96;daikon.inv.binary.twoScalar.IntNonEqual;FP;FP;0.9;829;499;1328;10000
97;daikon.inv.binary.twoScalar.IntNonEqual;FP;FP;0.9;815;436;1251;10000
98;daikon.inv.binary.twoScalar.IntNonEqual;FP;FP;0.9;755;508;1263;1000
99;daikon.inv.binary.twoScalar.IntNonEqual;FP;FP;0.7;763;450;1213;10000
100;daikon.inv.binary.twoScalar.IntNonEqual;FP;TP;0.95;838;431;1269;10000
101;daikon.inv.binary.twoScalar.IntNonEqual;FP;FP;0.8;842;444;1286;10000
102;daikon.inv.unary.scalar.LowerBound;TP;TP;0.95;683;470;1153;10000
