ID;invariantType;classification;GPT_verdict;confidence;promptTokens;completionTokens;totalTokens;maxNumberOfOperations
0;daikon.inv.binary.twoString.StringEqual;TP;TP;0.95;998;402;1400;10000
1;daikon.inv.binary.twoString.StringEqual;TP;TP;0.95;988;382;1370;10000
2;daikon.inv.binary.twoString.StringEqual;TP;TP;0.95;994;394;1388;10000
3;daikon.inv.binary.twoString.StringEqual;TP;TP;0.95;1082;396;1478;10000
4;daikon.inv.binary.twoString.StringEqual;TP;TP;0.95;1053;421;1474;10000
5;daikon.inv.binary.twoScalar.IntEqual;TP;TP;0.95;927;448;1375;10000
6;daikon.inv.binary.twoScalar.IntEqual;TP;TP;0.95;955;444;1399;10000
7;daikon.inv.binary.twoScalar.IntEqual;TP;TP;0.95;929;433;1362;10000
8;daikon.inv.binary.twoScalar.IntEqual;TP;TP;0.95;933;412;1345;10000
9;daikon.inv.binary.twoString.StringEqual;TP;TP;0.9;1062;429;1491;100
10;daikon.inv.binary.twoScalar.IntEqual;TP;TP;0.95;951;376;1327;10000
11;daikon.inv.binary.twoScalar.IntEqual;TP;TP;0.95;940;439;1379;10000
12;daikon.inv.binary.twoScalar.IntEqual;TP;TP;0.95;946;425;1371;10000
13;daikon.inv.binary.twoScalar.IntEqual;TP;TP;0.99;948;522;1470;10000
14;daikon.inv.binary.twoString.StringEqual;TP;TP;0.95;927;418;1345;10000
15;daikon.inv.binary.twoString.StringEqual;TP;TP;0.95;945;420;1365;10000
16;daikon.inv.binary.twoString.StringEqual;TP;TP;0.95;903;427;1330;10000
17;daikon.inv.binary.twoString.StringEqual;TP;TP;0.95;917;475;1392;10000
18;daikon.inv.binary.twoScalar.IntEqual;TP;TP;0.95;883;362;1245;10000
19;daikon.inv.binary.twoScalar.IntEqual;TP;FP;0.9;887;612;1499;10000
20;daikon.inv.binary.twoScalar.IntEqual;TP;TP;0.8;883;517;1400;10000
21;daikon.inv.binary.twoScalar.IntEqual;TP;FP;0.95;878;456;1334;10000
22;daikon.inv.binary.twoScalar.IntEqual;TP;TP;0.9;887;498;1385;10000
23;daikon.inv.binary.twoScalar.IntEqual;TP;FP;0.95;877;475;1352;10000
24;daikon.inv.binary.twoScalar.IntEqual;TP;TP;0.9;875;451;1326;10000
25;daikon.inv.binary.twoScalar.IntEqual;TP;TP;0.95;878;450;1328;10000
26;daikon.inv.binary.twoScalar.IntEqual;TP;TP;0.95;874;484;1358;10000
27;daikon.inv.binary.twoScalar.IntEqual;TP;FP;0.8;843;486;1329;10000
28;daikon.inv.binary.twoScalar.IntEqual;TP;FP;0.8;900;367;1267;10000
29;daikon.inv.binary.twoScalar.IntEqual;TP;FP;0.8;900;430;1330;10000
30;daikon.inv.binary.twoScalar.IntEqual;TP;FP;0.8;905;411;1316;10000
31;daikon.inv.binary.twoScalar.IntEqual;TP;FP;0.8;900;499;1399;10000
32;daikon.inv.binary.twoScalar.IntEqual;TP;FP;0.9;904;485;1389;10000
33;daikon.inv.binary.twoScalar.IntEqual;TP;TP;0.95;947;391;1338;10000
34;daikon.inv.binary.twoString.StringEqual;TP;TP;0.9;1014;408;1422;10000
35;daikon.inv.binary.twoString.StringEqual;TP;TP;0.85;1111;478;1589;10000
36;daikon.inv.binary.twoString.StringEqual;TP;FP;0.7;961;445;1406;10000
37;daikon.inv.binary.twoString.StringEqual;TP;TP;0.95;1032;428;1460;10000
38;daikon.inv.binary.twoString.StringEqual;TP;TP;0.95;1019;454;1473;10000
39;daikon.inv.binary.twoString.StringEqual;TP;TP;0.85;1143;453;1596;10000
40;daikon.inv.binary.twoString.StringEqual;TP;FP;0.7;1127;511;1638;10000
41;daikon.inv.binary.twoString.StringEqual;TP;TP;0.9;1179;513;1692;10000
42;daikon.inv.binary.twoString.StringEqual;TP;TP;0.9;1191;465;1656;10000
43;daikon.inv.binary.twoString.StringEqual;TP;TP;0.95;1131;461;1592;10000
44;daikon.inv.binary.twoString.StringEqual;TP;TP;0.95;1135;452;1587;10000
45;daikon.inv.binary.twoString.StringEqual;TP;FP;0.85;1131;588;1719;10000
46;daikon.inv.binary.twoString.StringEqual;TP;TP;0.95;1076;447;1523;10000
47;daikon.inv.binary.twoString.StringEqual;TP;TP;0.95;1157;479;1636;10000
48;daikon.inv.binary.twoString.StringEqual;TP;TP;0.95;918;424;1342;10000
49;daikon.inv.binary.twoScalar.IntEqual;TP;FP;0.9;892;533;1425;10000
50;daikon.inv.binary.twoScalar.IntEqual;TP;FP;0.7;892;555;1447;10000
51;daikon.inv.binary.twoString.StringEqual;TP;TP;0.95;1109;424;1533;10000
52;daikon.inv.binary.twoScalar.IntEqual;TP;FP;0.9;873;459;1332;10000
53;daikon.inv.binary.twoScalar.IntEqual;TP;FP;0.9;881;470;1351;10000
54;daikon.inv.binary.twoScalar.IntEqual;TP;FP;0.9;881;429;1310;10000
55;daikon.inv.binary.twoScalar.IntEqual;TP;FP;0.85;876;514;1390;10000
56;daikon.inv.binary.twoScalar.IntEqual;TP;FP;0.9;882;522;1404;10000
57;daikon.inv.binary.twoString.StringEqual;FP;TP;0.95;1079;396;1475;100
58;daikon.inv.unary.scalar.NonZero;TP;TP;0.95;827;354;1181;10000
59;daikon.inv.unary.scalar.NonZero;TP;TP;0.95;833;442;1275;10000
60;daikon.inv.unary.string.OneOfString;TP;FP;0.8;931;452;1383;10000
61;daikon.inv.unary.string.OneOfString;TP;FP;0.9;911;399;1310;10000
62;daikon.inv.unary.scalar.NonZero;TP;TP;0.95;833;402;1235;10000
63;daikon.inv.unary.scalar.OneOfScalar;TP;TP;0.95;886;462;1348;10000
64;daikon.inv.unary.string.OneOfString;TP;FP;0.8;905;444;1349;10000
65;daikon.inv.unary.scalar.NonZero;TP;TP;0.95;836;456;1292;10000
66;daikon.inv.unary.stringsequence.OneOfStringSequence;TP;FP;0.7;863;455;1318;10000
67;daikon.inv.unary.scalar.OneOfScalar;TP;TP;0.95;903;421;1324;10000
68;daikon.inv.unary.scalar.OneOfScalar;TP;TP;0.95;853;449;1302;10000
69;daikon.inv.unary.scalar.OneOfScalar;TP;TP;0.9;859;430;1289;10000
70;daikon.inv.unary.scalar.OneOfScalar;TP;TP;0.85;862;436;1298;10000
71;daikon.inv.unary.scalar.OneOfScalar;TP;TP;0.9;853;467;1320;10000
72;daikon.inv.unary.string.OneOfString;TP;TP;0.95;924;455;1379;10000
73;daikon.inv.unary.string.OneOfString;TP;TP;0.9;914;449;1363;10000
74;daikon.inv.unary.string.OneOfString;TP;TP;0.95;939;453;1392;10000
75;daikon.inv.unary.string.OneOfString;TP;TP;0.9;928;524;1452;10000
76;daikon.inv.binary.twoScalar.IntLessThan;FP;FP;0.8;984;450;1434;10000
77;daikon.inv.binary.twoScalar.IntGreaterThan;TP;TP;0.95;964;486;1450;10000
78;daikon.inv.binary.twoScalar.IntLessThan;FP;FP;0.8;989;480;1469;10000
79;daikon.inv.binary.twoScalar.IntGreaterThan;TP;TP;0.95;944;441;1385;10000
80;daikon.inv.binary.twoScalar.IntGreaterThan;FP;FP;0.9;943;405;1348;10000
81;daikon.inv.binary.twoScalar.IntLessThan;TP;TP;0.95;949;463;1412;10000
82;daikon.inv.unary.string.FixedLengthString;TP;TP;0.95;948;466;1414;10000
83;daikon.inv.unary.string.IsUrl;TP;TP;0.95;954;408;1362;10000
84;daikon.inv.unary.string.FixedLengthString;TP;TP;0.95;976;449;1425;10000
85;daikon.inv.unary.string.FixedLengthString;TP;TP;0.95;950;329;1279;10000
86;daikon.inv.unary.string.FixedLengthString;TP;TP;0.95;982;355;1337;10000
87;daikon.inv.unary.string.IsUrl;TP;TP;0.95;977;411;1388;10000
88;daikon.inv.unary.string.FixedLengthString;TP;FP;0.8;906;451;1357;10000
89;daikon.inv.unary.string.IsUrl;TP;TP;0.95;947;387;1334;10000
90;daikon.inv.unary.string.IsUrl;TP;TP;0.95;946;431;1377;10000
91;daikon.inv.unary.string.IsUrl;TP;TP;0.95;997;438;1435;10000
92;daikon.inv.unary.string.IsUrl;TP;TP;0.95;1011;347;1358;10000
93;daikon.inv.unary.string.IsUrl;TP;TP;0.95;1005;401;1406;10000
94;daikon.inv.unary.string.IsUrl;TP;TP;0.95;1021;401;1422;10000
95;daikon.inv.unary.string.IsUrl;TP;TP;0.95;991;386;1377;10000
96;daikon.inv.unary.string.IsUrl;TP;TP;0.95;992;420;1412;10000
97;daikon.inv.unary.string.IsUrl;TP;TP;0.95;984;350;1334;10000
98;daikon.inv.unary.string.IsUrl;TP;TP;0.95;975;463;1438;10000
99;daikon.inv.unary.string.IsUrl;TP;TP;0.95;1001;473;1474;10000
100;daikon.inv.unary.string.FixedLengthString;TP;FP;0.7;885;539;1424;10000
101;daikon.inv.unary.string.IsUrl;TP;TP;0.95;966;425;1391;10000
102;daikon.inv.unary.string.IsUrl;TP;TP;0.95;964;379;1343;10000
103;daikon.inv.unary.string.IsUrl;TP;TP;0.95;1013;386;1399;10000
104;daikon.inv.unary.string.IsUrl;TP;TP;0.95;1036;455;1491;10000
105;daikon.inv.unary.string.IsUrl;TP;TP;0.95;1022;383;1405;10000
106;daikon.inv.unary.string.IsUrl;TP;TP;0.95;1011;386;1397;10000
107;daikon.inv.unary.string.IsUrl;TP;TP;0.95;1037;417;1454;10000
108;daikon.inv.unary.string.IsUrl;TP;TP;0.95;990;407;1397;10000
109;daikon.inv.unary.string.IsUrl;TP;TP;0.95;1034;419;1453;10000
110;daikon.inv.unary.string.IsUrl;TP;TP;0.95;1041;393;1434;10000
111;daikon.inv.unary.string.IsUrl;TP;TP;0.95;1012;341;1353;10000
112;daikon.inv.unary.string.IsUrl;TP;TP;0.95;993;435;1428;10000
113;daikon.inv.unary.string.IsUrl;TP;TP;0.95;1006;361;1367;10000
114;daikon.inv.unary.string.IsUrl;TP;TP;0.95;993;381;1374;10000
115;daikon.inv.unary.string.IsUrl;TP;TP;0.95;987;416;1403;10000
116;daikon.inv.unary.string.IsUrl;TP;TP;0.95;999;413;1412;10000
117;daikon.inv.unary.string.IsUrl;TP;TP;0.95;1031;369;1400;10000
118;daikon.inv.unary.string.IsUrl;TP;TP;0.95;1015;380;1395;10000
119;daikon.inv.unary.string.IsUrl;TP;TP;0.95;1016;411;1427;10000
120;daikon.inv.unary.string.IsUrl;TP;TP;0.95;1025;372;1397;10000
121;daikon.inv.unary.string.IsUrl;TP;TP;0.95;1007;397;1404;10000
122;daikon.inv.unary.string.IsUrl;TP;TP;0.95;1008;442;1450;10000
123;daikon.inv.unary.string.IsUrl;TP;TP;0.95;1025;424;1449;10000
124;daikon.inv.unary.string.IsUrl;TP;TP;0.95;1008;367;1375;10000
125;daikon.inv.unary.string.IsUrl;TP;TP;0.95;986;417;1403;10000
126;daikon.inv.unary.string.IsUrl;TP;TP;0.95;1001;419;1420;10000
127;daikon.inv.unary.string.IsUrl;TP;TP;0.95;1027;380;1407;10000
128;daikon.inv.unary.string.IsUrl;TP;TP;0.95;1043;354;1397;10000
129;daikon.inv.unary.string.IsUrl;TP;TP;0.95;1010;457;1467;10000
130;daikon.inv.unary.string.IsUrl;TP;TP;0.95;996;371;1367;10000
131;daikon.inv.unary.string.IsUrl;TP;TP;0.95;1016;402;1418;10000
132;daikon.inv.unary.string.IsUrl;TP;TP;0.95;1012;404;1416;10000
133;daikon.inv.unary.string.IsUrl;TP;TP;0.95;996;382;1378;10000
134;daikon.inv.unary.string.IsUrl;TP;TP;0.95;984;398;1382;10000
135;daikon.inv.unary.string.IsUrl;TP;TP;0.95;994;422;1416;10000
136;daikon.inv.unary.string.IsUrl;TP;TP;0.95;998;397;1395;10000
137;daikon.inv.unary.string.IsUrl;TP;TP;0.95;1018;387;1405;10000
138;daikon.inv.unary.string.IsUrl;TP;TP;0.95;986;402;1388;10000
139;daikon.inv.unary.string.IsUrl;TP;TP;0.95;1005;376;1381;10000
140;daikon.inv.unary.string.FixedLengthString;TP;FP;0.9;879;434;1313;10000
141;daikon.inv.unary.string.FixedLengthString;TP;TP;0.95;974;434;1408;10000
142;daikon.inv.unary.string.dates.IsTimestampYYYYMMHHThhmmssmm;TP;TP;0.95;1000;390;1390;10000
143;daikon.inv.unary.string.FixedLengthString;TP;TP;0.95;968;413;1381;10000
144;daikon.inv.unary.string.dates.IsTimestampYYYYMMHHThhmmssmm;TP;TP;0.95;994;383;1377;10000
145;daikon.inv.binary.twoString.StdString$SubString;TP;TP;0.95;1012;396;1408;10000
146;daikon.inv.binary.twoString.StdString$SubString;TP;TP;0.95;1022;379;1401;10000
147;daikon.inv.binary.twoString.StdString$SubString;TP;TP;0.95;1020;401;1421;10000
148;daikon.inv.binary.twoString.StdString$SubString;TP;TP;0.95;1109;400;1509;10000
149;daikon.inv.binary.twoString.StdString$SubString;TP;TP;0.95;1023;400;1423;10000
150;daikon.inv.binary.twoString.StdString$SubString;TP;TP;0.95;1089;336;1425;10000
151;daikon.inv.binary.twoString.StdString$SubString;TP;TP;0.95;1102;436;1538;10000
152;daikon.inv.binary.twoString.StdString$SubString;TP;TP;0.95;1075;405;1480;10000
153;daikon.inv.binary.twoString.StdString$SubString;TP;TP;0.95;1114;392;1506;10000
154;daikon.inv.binary.twoString.StdString$SubString;TP;TP;0.95;1042;384;1426;10000
155;daikon.inv.binary.twoString.StdString$SubString;TP;TP;0.95;1103;385;1488;10000
156;daikon.inv.binary.twoString.StdString$SubString;TP;TP;0.95;1129;377;1506;10000
157;daikon.inv.binary.twoString.StdString$SubString;TP;TP;0.95;1118;455;1573;10000
158;daikon.inv.binary.twoString.StdString$SubString;TP;TP;0.95;1131;415;1546;10000
159;daikon.inv.binary.twoString.StdString$SubString;TP;TP;0.95;1109;376;1485;10000
160;daikon.inv.binary.twoString.StdString$SubString;TP;TP;0.95;1101;436;1537;10000
161;daikon.inv.binary.twoString.StdString$SubString;TP;TP;0.95;1093;394;1487;10000
162;daikon.inv.binary.twoString.StdString$SubString;TP;TP;0.95;1084;359;1443;10000
163;daikon.inv.binary.twoString.StdString$SubString;TP;TP;0.95;1120;410;1530;10000
164;daikon.inv.binary.twoString.StdString$SubString;TP;TP;0.95;1058;418;1476;10000
165;daikon.inv.binary.twoString.StdString$SubString;TP;TP;0.95;1108;387;1495;10000
166;daikon.inv.binary.twoString.StdString$SubString;TP;TP;0.95;1159;361;1520;10000
167;daikon.inv.binary.twoString.StdString$SubString;TP;TP;0.95;1167;374;1541;10000
168;daikon.inv.binary.twoString.StdString$SubString;TP;TP;0.95;1153;362;1515;10000
169;daikon.inv.binary.twoString.StdString$SubString;TP;TP;0.95;1149;367;1516;10000
170;daikon.inv.binary.twoString.StdString$SubString;TP;TP;0.95;1171;399;1570;10000
171;daikon.inv.binary.twoString.StdString$SubString;TP;TP;0.95;1129;394;1523;10000
172;daikon.inv.binary.twoString.StdString$SubString;TP;TP;0.95;1159;437;1596;10000
173;daikon.inv.binary.twoString.StdString$SubString;TP;TP;0.95;1173;448;1621;10000
174;daikon.inv.binary.twoString.StdString$SubString;TP;TP;0.95;1139;408;1547;10000
175;daikon.inv.binary.twoString.StdString$SubString;TP;TP;0.95;1147;372;1519;10000
176;daikon.inv.binary.twoString.StdString$SubString;TP;TP;0.95;1133;437;1570;10000
177;daikon.inv.binary.twoString.StdString$SubString;TP;TP;0.95;1129;427;1556;10000
178;daikon.inv.binary.twoString.StdString$SubString;TP;TP;0.95;1105;355;1460;10000
179;daikon.inv.binary.twoString.StdString$SubString;TP;TP;0.95;1135;420;1555;10000
180;daikon.inv.binary.twoString.StdString$SubString;TP;TP;0.95;1159;512;1671;10000
181;daikon.inv.binary.twoString.StdString$SubString;TP;TP;0.95;1154;401;1555;10000
182;daikon.inv.binary.twoString.StdString$SubString;TP;TP;0.95;1146;443;1589;10000
183;daikon.inv.binary.twoString.StdString$SubString;TP;TP;0.95;1132;356;1488;10000
184;daikon.inv.binary.twoString.StdString$SubString;TP;TP;0.95;1138;477;1615;10000
185;daikon.inv.binary.twoString.StdString$SubString;TP;TP;0.95;1115;353;1468;10000
186;daikon.inv.binary.twoString.StdString$SubString;TP;TP;0.95;1135;385;1520;10000
187;daikon.inv.binary.twoString.StdString$SubString;TP;TP;0.95;1133;453;1586;10000
188;daikon.inv.binary.twoString.StdString$SubString;TP;TP;0.95;1141;387;1528;10000
189;daikon.inv.binary.twoString.StdString$SubString;TP;TP;0.95;1119;471;1590;10000
190;daikon.inv.binary.twoString.StdString$SubString;TP;TP;0.95;1151;363;1514;10000
191;daikon.inv.binary.twoString.StdString$SubString;TP;TP;0.95;1159;401;1560;10000
192;daikon.inv.binary.twoString.StdString$SubString;TP;TP;0.95;1165;400;1565;10000
193;daikon.inv.binary.twoString.StdString$SubString;TP;TP;0.95;1105;432;1537;10000
194;daikon.inv.binary.twoString.StdString$SubString;TP;TP;0.95;1139;433;1572;10000
195;daikon.inv.binary.twoString.StdString$SubString;TP;TP;0.95;1139;434;1573;10000
196;daikon.inv.binary.twoString.StdString$SubString;TP;TP;0.95;1123;382;1505;10000
197;daikon.inv.binary.twoString.StdString$SubString;TP;TP;0.95;1115;427;1542;10000
198;daikon.inv.binary.twoString.StdString$SubString;TP;TP;0.95;1129;392;1521;10000
199;daikon.inv.binary.twoString.StdString$SubString;TP;TP;0.95;1117;441;1558;10000
200;daikon.inv.binary.twoString.StdString$SubString;TP;TP;0.95;1133;444;1577;10000
201;daikon.inv.binary.twoString.StdString$SubString;TP;TP;0.95;1125;360;1485;10000
202;daikon.inv.unary.string.FixedLengthString;TP;TP;0.95;968;479;1447;10000
203;daikon.inv.unary.string.dates.IsTimestampYYYYMMHHThhmmssmm;TP;TP;0.95;994;405;1399;10000
